6
-1 20 30 31 28 40
30 -1 10 14 20 44
40 20 -1 10 22 50
41 24 20 -1 14 42
38 30 32 24 -1 28
50 54 60 52 38 -1
6
-1 20 30 31 28 4
30 -1 10 4 20 44
40 20 -1 10 22 50
41 4 20 -1 14 42
38 30 32 4 -1 28
50 4 60 52 38 -1
10
-1 81 50 18 75 39 107 77 87 43
81 -1 76 21 37 26 34 58 66 15
50 76 -1 24 14 58 100 68 33 30
18 21 24 -1 19 58 68 62 84 81
75 37 14 19 -1 31 60 65 29 91
39 26 58 58 31 -1 64 21 42 46
107 34 100 68 60 64 -1 15 55 16
77 58 68 62 65 21 15 -1 17 34
87 66 33 84 29 42 55 17 -1 68
43 15 30 81 91 46 16 34 68 -1
12
-1 29 82 46 68 52 72 42 51 55 29 74
29 -1 55 46 42 43 43 23 23 31 41 51
82 55 -1 68 46 55 23 43 41 29 79 21
46 46 68 -1 82 15 72 31 62 42 21 51
68 42 46 82 -1 74 23 52 21 46 82 58
52 43 55 15 74 -1 61 23 55 31 33 37
72 43 23 72 23 61 -1 42 23 31 77 37
42 23 43 31 52 23 42 -1 33 15 37 33
51 23 41 62 21 55 23 33 -1 29 62 46
55 31 29 42 46 31 31 15 29 -1 51 21
29 41 79 21 82 33 77 37 62 51 -1 65
74 51 21 51 58 37 37 33 46 21 65 -1
13
-1 29 82 46 68 52 72 42 51 55 29 74 23
29 -1 55 46 42 43 43 23 23 31 41 51 11
82 55 -1 68 46 55 23 43 41 29 79 21 64
46 46 68 -1 82 15 72 31 62 42 21 51 51
68 42 46 82 -1 74 23 52 21 46 82 58 46
52 43 55 15 74 -1 61 23 55 31 33 37 51
72 43 23 72 23 61 -1 42 23 31 77 37 51
42 23 43 31 52 23 42 -1 33 15 37 33 33
51 23 41 62 21 55 23 33 -1 29 62 46 29
55 31 29 42 46 31 31 15 29 -1 51 21 41
29 41 79 21 82 33 77 37 62 51 -1 65 42
74 51 21 51 58 37 37 33 46 21 65 -1 61
23 11 64 51 46 51 51 33 29 41 42 61 -1
14
-1 29 82 46 68 52 72 42 51 55 29 74 23 72
29 -1 55 46 42 43 43 23 23 31 41 51 11 52
82 55 -1 68 46 55 23 43 41 29 79 21 64 31
46 46 68 -1 82 15 72 31 62 42 21 51 51 43
68 42 46 82 -1 74 23 52 21 46 82 58 46 65
52 43 55 15 74 -1 61 23 55 31 33 37 51 29
72 43 23 72 23 61 -1 42 23 31 77 37 51 46
42 23 43 31 52 23 42 -1 33 15 37 33 33 31
51 23 41 62 21 55 23 33 -1 29 62 46 29 51
55 31 29 42 46 31 31 15 29 -1 51 21 41 23
29 41 79 21 82 33 77 37 62 51 -1 65 42 59
74 51 21 51 58 37 37 33 46 21 65 -1 61 11
23 11 64 51 46 51 51 33 29 41 42 61 -1 62
72 52 31 43 65 29 46 31 51 23 59 11 62 -1
15
-1 29 82 46 68 52 72 42 51 55 29 74 23 72 46
29 -1 55 46 42 43 43 23 23 31 41 51 11 52 21
82 55 -1 68 46 55 23 43 41 29 79 21 64 31 51
46 46 68 -1 82 15 72 31 62 42 21 51 51 43 64
68 42 46 82 -1 74 23 52 21 46 82 58 46 65 23
52 43 55 15 74 -1 61 23 55 31 33 37 51 29 59
72 43 23 72 23 61 -1 42 23 31 77 37 51 46 33
42 23 43 31 52 23 42 -1 33 15 37 33 33 31 37
51 23 41 62 21 55 23 33 -1 29 62 46 29 51 11
55 31 29 42 46 31 31 15 29 -1 51 21 41 23 37
29 41 79 21 82 33 77 37 62 51 -1 65 42 59 61
74 51 21 51 58 37 37 33 46 21 65 -1 61 11 55
23 11 64 51 46 51 51 33 29 41 42 61 -1 62 23
72 52 31 43 65 29 46 31 51 23 59 11 62 -1 59
46 21 51 64 23 59 33 37 11 37 61 55 23 59 -1